BARKSTON_HEATH 1996 12 16 0950 6.0
BARKSTON_HEATH 2009 04 09 0750 10.0
BARKSTON_HEATH 2010 04 26 1450 17.0
BARKSTON_HEATH 2010 08 02 1350 20.0
BARKSTON_HEATH 2013 05 15 0850 9.0
SCAMPTON 1973 01 04 1600 9.0
SCAMPTON 1973 01 11 0700 2.0
SCAMPTON 1973 01 15 1400 7.0
SCAMPTON 1973 01 22 0800 2.0
SCAMPTON 1973 01 29 0300 8.0
SCAMPTON 1973 02 02 1800 9.0
SCAMPTON 1973 02 09 0600 3.0
SCAMPTON 1973 02 15 2100 1.0
SCAMPTON 1973 02 22 1100 4.0
SCAMPTON 1973 03 01 0600 6.0
SCAMPTON 1973 03 07 2000 5.0
SCAMPTON 1973 03 14 1100 6.0
SCAMPTON 1973 03 20 2300 7.0
SCAMPTON 1973 03 27 1600 11.0
SCAMPTON 1973 04 02 0200 5.0
SCAMPTON 1973 04 06 1100 2.0
SCAMPTON 1973 04 12 1600 8.0
SCAMPTON 1973 04 19 0200 3.0
SCAMPTON 1973 04 29 1600 10.0
SCAMPTON 1973 05 04 0100 8.0
SCAMPTON 1973 05 10 1800 9.0
SCAMPTON 1973 05 17 0400 6.0
SCAMPTON 1973 05 23 0200 11.0
SCAMPTON 1973 05 30 1200 14.0
SCAMPTON 1973 06 05 2200 12.0
SCAMPTON 1973 06 12 1300 19.0
SCAMPTON 1973 06 19 1800 14.0
SCAMPTON 1973 06 26 2100 13.0
SCAMPTON 1973 07 03 1800 21.0
SCAMPTON 1973 07 10 1900 19.0
SCAMPTON 1973 07 17 2000 13.0
SCAMPTON 1973 07 24 1600 17.0
SCAMPTON 1973 07 31 1400 23.0
SCAMPTON 1973 08 07 0200 10.0
SCAMPTON 1973 08 13 1200 24.0
SCAMPTON 1973 08 20 1000 15.0
SCAMPTON 1973 08 27 2300 15.0
SCAMPTON 1973 09 03 1300 19.0
SCAMPTON 1973 09 08 0600 13.0
SCAMPTON 1973 09 13 2200 13.0
SCAMPTON 1973 09 18 1300 19.0
SCAMPTON 1973 09 25 1800 15.0
SCAMPTON 1973 10 02 1100 11.0
SCAMPTON 1973 10 09 0100 13.0
SCAMPTON 1973 10 15 1600 9.0
SCAMPTON 1973 10 22 1700 11.0
SCAMPTON 1973 10 29 1900 6.0
SCAMPTON 1973 11 05 1100 7.0
SCAMPTON 1973 11 11 1100 7.0
SCAMPTON 1973 11 16 0300 4.0
SCAMPTON 1973 11 23 0700 8.0
SCAMPTON 1973 11 29 0100 -2.0
SCAMPTON 1973 12 05 1900 8.0
SCAMPTON 1973 12 12 1100 4.0
SCAMPTON 1973 12 19 2200 3.0
SCAMPTON 1974 01 07 0000 3.0
SCAMPTON 1974 01 11 1200 7.0
SCAMPTON 1974 01 18 0200 9.0
SCAMPTON 1974 01 24 2000 5.0
SCAMPTON 1974 01 31 1900 5.0
SCAMPTON 1974 02 07 1100 3.0
SCAMPTON 1974 02 14 1100 4.0
SCAMPTON 1974 02 21 1000 11.0
SCAMPTON 1974 02 28 1500 2.0
SCAMPTON 1974 03 07 1200 9.0
SCAMPTON 1974 03 14 0700 2.0
SCAMPTON 1974 03 21 0900 3.0
SCAMPTON 1974 03 28 0400 5.0
SCAMPTON 1974 04 04 0300 5.0
SCAMPTON 1974 04 10 1800 15.0
SCAMPTON 1974 04 22 0300 3.0
SCAMPTON 1974 04 26 1700 7.0
SCAMPTON 1974 05 03 0800 9.0
SCAMPTON 1974 05 10 0900 13.0
SCAMPTON 1974 05 17 0100 10.0
SCAMPTON 1974 05 24 0000 7.0
SCAMPTON 1974 05 30 2100 9.0
SCAMPTON 1974 06 06 0700 9.0
SCAMPTON 1974 06 13 1600 18.0
SCAMPTON 1974 06 20 0700 14.0
SCAMPTON 1974 06 27 1300 13.0
SCAMPTON 1974 07 04 1400 15.0
SCAMPTON 1974 07 11 2000 14.0
SCAMPTON 1974 07 19 0300 9.0
SCAMPTON 1974 08 06 0000 11.0
SCAMPTON 1974 08 12 1900 16.0
SCAMPTON 1974 08 19 1000 16.0
SCAMPTON 1974 08 27 0700 10.0
SCAMPTON 1974 09 02 2300 13.0
SCAMPTON 1974 09 10 0200 9.0
SCAMPTON 1974 09 15 1600 17.0
SCAMPTON 1974 09 20 1100 13.0
SCAMPTON 1974 09 25 0200 7.0
SCAMPTON 1974 10 03 0100 6.0
SCAMPTON 1974 10 09 1500 11.0
SCAMPTON 1974 10 16 0900 8.0
SCAMPTON 1974 10 23 0300 8.0
SCAMPTON 1974 10 29 2200 3.0
SCAMPTON 1974 11 05 1200 7.0
SCAMPTON 1974 11 12 0300 3.0
SCAMPTON 1974 11 18 1500 4.0
SCAMPTON 1974 11 25 1000 7.0
SCAMPTON 1974 12 02 0200 10.0
SCAMPTON 1974 12 06 0700 8.0
SCAMPTON 1974 12 12 2200 5.0
SCAMPTON 1974 12 19 1400 9.0
SCAMPTON 1975 01 03 1300 8.0
SCAMPTON 1975 01 09 2300 7.0
SCAMPTON 1975 01 16 1300 7.0
SCAMPTON 1975 01 23 0400 3.0
SCAMPTON 1975 01 29 2100 5.0
SCAMPTON 1975 02 05 1500 3.0
SCAMPTON 1975 02 12 1000 2.0
SCAMPTON 1975 02 21 0800 1.0
SCAMPTON 1975 03 11 0200 5.0
SCAMPTON 1975 03 25 1700 8.0
SCAMPTON 1975 04 04 1800 4.0
SCAMPTON 1975 04 11 1200 9.0
SCAMPTON 1975 04 18 0400 10.0
SCAMPTON 1975 04 22 2100 11.0
SCAMPTON 1975 04 29 1300 11.0
SCAMPTON 1975 05 06 1200 11.0
SCAMPTON 1975 05 13 0500 9.0