BARKSTON_HEATH 1996 12 16 0950 6.0
BARKSTON_HEATH 2009 04 09 0750 10.0
BARKSTON_HEATH 2010 04 26 1450 17.0
BARKSTON_HEATH 2010 08 02 1350 20.0
BARKSTON_HEATH 2013 05 15 0850 9.0
SCAMPTON 1973 01 04 1600 9.0
SCAMPTON 1973 01 11 0700 2.0
SCAMPTON 1973 01 15 1400 7.0
SCAMPTON 1973 01 22 0800 2.0
SCAMPTON 1973 01 29 0300 8.0
SCAMPTON 1973 02 02 1800 9.0
SCAMPTON 1973 02 09 0600 3.0
SCAMPTON 1973 02 15 2100 1.0
SCAMPTON 1973 02 22 1100 4.0
SCAMPTON 1973 03 01 0600 6.0
SCAMPTON 1973 03 07 2000 5.0
SCAMPTON 1973 03 14 1100 6.0
SCAMPTON 1973 03 20 2300 7.0
SCAMPTON 1973 03 27 1600 11.0
SCAMPTON 1973 04 02 0200 5.0
SCAMPTON 1973 04 06 1100 2.0
SCAMPTON 1973 04 12 1600 8.0
SCAMPTON 1973 04 19 0200 3.0
SCAMPTON 1973 04 29 1600 10.0
SCAMPTON 1973 05 04 0100 8.0
SCAMPTON 1973 05 10 1800 9.0
SCAMPTON 1973 05 17 0400 6.0
SCAMPTON 1973 05 23 0200 11.0
SCAMPTON 1973 05 30 1200 14.0
SCAMPTON 1973 06 05 2200 12.0
SCAMPTON 1973 06 12 1300 19.0
SCAMPTON 1973 06 19 1800 14.0